200 100 
5 5
6 6
6 2
1 6
4 7
7 7
3 3
9 5
9 1
4 1
5 8
9 9
2 2
5 2
9 1
9 7
3 4
9 8
1 6
7 9
2 3
3 4
5 9
9 5
5 1
4 1
2 8
6 9
1 3
4 6
2 3
6 5
8 9
3 6
1 8
2 1
5 1
8 9
8 6
8 6
8 6
4 5
4 7
8 7
8 6
3 4
3 5
2 1
2 9
6 5
2 2
8 1
5 3
3 6
7 5
3 9
9 4
4 5
8 8
5 1
7 8
9 8
2 4
2 1
7 3
3 8
4 8
4 4
4 1
5 7
8 8
2 4
8 7
1 3
2 2
9 3
8 2
9 9
4 7
2 9
6 6
7 1
1 8
2 3
1 1
8 7
2 6
1 5
4 6
1 7
4 7
8 8
4 5
3 2
2 8
7 4
9 9
9 9
7 2
7 5
7 7
2 1
9 7
7 5
2 7
3 6
6 6
5 6
2 1
4 3
6 9
6 8
3 3
2 9
2 1
3 4
7 3
6 6
7 7
9 5
2 4
5 6
3 1
6 5
2 9
6 7
4 4
1 3
6 2
3 2
2 5
5 9
5 1
3 6
9 1
2 3
7 4
6 9
6 5
5 1
7 6
9 1
4 4
8 4
3 6
4 3
8 8
8 8
1 7
4 2
3 4
9 8
9 3
7 4
2 6
2 8
4 6
9 5
7 6
8 5
8 7
1 4
7 9
9 1
7 9
5 2
7 8
5 7
8 4
7 3
6 7
8 2
3 8
9 5
9 9
7 9
2 5
9 2
7 1
1 1
9 4
5 5
2 5
9 2
5 4
9 7
7 6
7 1
3 6
7 5
2 3
5 7
1 1
9 7
1 8
7 5
8 5
3 2
8 6
1 6
12 15 271
14 14 395
12 11 185
15 15 159
13 16 316
11 19 379
11 19 105
10 12 381
14 16 287
12 13 368
13 16 319
10 11 189
10 19 237
12 14 132
13 12 391
15 17 275
11 14 147
14 13 369
11 13 228
14 13 219
13 14 281
14 15 312
10 18 236
12 19 104
14 10 197
15 13 273
15 18 323
10 13 378
14 17 162
12 17 254
10 19 325
10 11 342
13 13 165
14 16 170
10 14 387
13 11 203
14 12 249
13 17 341
15 19 240
14 17 219
12 19 288
13 11 334
10 17 200
12 12 322
10 16 341
13 13 101
14 14 144
10 13 159
10 19 323
14 18 337
13 12 357
12 16 231
10 15 397
12 18 309
13 10 298
12 11 200
12 10 207
11 13 163
11 19 222
14 12 101
13 13 397
14 10 257
14 17 132
14 15 333
15 14 212
10 17 273
13 12 271
11 11 366
14 13 194
10 15 399
12 19 167
14 14 343
10 13 300
14 15 245
15 12 372
10 12 370
13 11 175
15 12 367
11 12 151
13 18 276
14 19 214
15 16 246
10 11 120
11 11 102
10 18 379
11 18 205
10 10 261
13 19 122
12 12 256
12 10 391
10 12 329
15 13 208
13 19 328
10 16 252
11 15 246
10 12 355
11 11 347
12 11 212
11 16 320
11 19 269
